17670293
52079800
110007334
125723762
129357108
137009954
142054524
150424454
171802554
172035256
176542952
193184572
195370390
196651332
209303842
210903464
215114892
216033342
234424148
246966168
248010424
248921740
249524374
256190562
258904600
269711868
275319130
284748580
293063992
319012714
330422054
336928250
347541372
353729070
357868118
361411870
371511604
388833132
396632628
399512288
399536150
402034126
407131178
413171682
414981646
424024652
425762368
457649164
459930978
482164132
483399300
486035104
488070418
489027958
491189508
495535798
495948014
496014034
508127452
509053134
511529965
519386322
522985723
523031449
526270467
527772496
528129851
532071391
540659281
545087946
551011827
562462324
598096420
617137741
646214914
646790778
653467298
675133622
678182387
681468742
692165862
694908162
715080294
716737002
724183831
725749760
732478202
741626278
752869862
753034381
763109088
784812537
795230401
834773004
836426941
854128888
871495936
927888531
959342037
963061646
1004806028
1020199856
1067653370
1073080688
1080099300
1082146298
1082739243
1083247491
1093108458
1110028066
1119691474
1120227421
1131058082
1131664879
1133250574
1133313677
1133321607
1133331146
1133351251
1133356640
1133357547
1133369628
1133386496
1133402432
1133454870
1133484115
1133553997
1133567425
1133573774
1133574219
1133581397
1133615823
1133619314
1133620128
1133629814
1133647713
1133651911
1133658510
1133665013
1133686284
1133718237
1133758074
1133953901
1133996764
1134007530
1134052082
76063610
124274434
128260224
136000664
148943680
153449866
165233530
167551994
168928324
171723940
184589348
189533480
193960208
205331818
207195958
211257856
211452936
212904334
214873668
215463848
224426046
225566744
230498454
233855612
243058172
246783432
251077254
263241102
264034478
265219818
279406348
284691358
286298740
287901324
292020798
300447758
302200692
315096186
323453120
329087756
330564160
334454316
335420154
337996976
349102792
350103392
352842114
354201776
354408850
355671190
356774122
358855818
361679216
363505314
374822468
376247826
385174114
391804738
391805510
395503260
399604270
406160012
421321260
422929518
427606616
428163438
433564708
457915812
457938226
458311752
459468332
459983384
463568538
465253630
465826884
473981418
474038782
482592414
484834360
484914682
501002272
502617596
507402605
509363662
509909356
513003272
517241910
524607018
531804994
532250764
537506413
553983766
554425880
565649711
578427739
579503203
582514174
587318082
593089634
598586408
612891661
618393459
619666539
621342912
638641115
640357103
646487613
651086835
656095090
664163978
670778929
672393068
683651515
683829291
684901563
693016261
693244304
722571485
727037248
729984590
731553602
740910707
745734125
750086037
765161674
784706279
786205722
810339996
835992228
840892429
844470686
845235624
853050807
932620685
965996122
996556463
1007733086
1046402750
1056619486
1057606488
1060183304
1063902872
1076044688
1076443868
1086363346
1087624540
1094625694
1101708031
1102005983
1102024422
1106916348
1107314018
1108205271
1112957369
1114880153
1130925292
1133473087
1133493047
1133496061
1133497408
1133506670
1133508321
1133524280
1133525001
1133529306
1133591662
1133730780
1133745176
1133765496
1133773715
1133785089
1133826972
1133842002
1133850439
1133851090
1133854579
1133860052
1133877209
1133898452
